0
376
0000 Abbesses 308 536
0001 AlexandreDumas 472 386
0002 AlmaMarceau 193 404
0003 Alésia 290 244
0004 AnatoleFrance 138 517
0005 Anvers 324 521
0006 Argentine 149 442
0007 ArtsetMétiers 374 414
0008 ArtsetMétiers 373 417
0009 AssembléeNationale 258 382
0010 Aubervilliers-Pantin,QuatreChemins 433 595
0011 AvenueÉmileZola 194 326
0012 Avron 472 372
0013 BarbèsRochechouart 350 521
0014 BarbèsRochechouart 350 521
0015 BasiliquedeSaint-Denis 343 646
0016 Bastille 403 360
0017 Bastille 403 361
0018 Bastille 403 362
0019 BelAir 471 324
0020 Belleville 428 456
0021 Belleville 428 456
0022 Bercy 437 296
0023 Bercy 437 296
0024 BibliothèqueFrançoisMitterand 424 268
0025 Billancourt 77 270
0026 Bir-Hakeim 172 353
0027 Blanche 278 521
0028 Bobigny,PabloPicasso 522 593
0029 Bobigny-Pantin,RaymondQueneau 498 574
0030 Boissière 160 406
0031 Bolivar 426 498
0032 BonneNouvelle 339 452
0033 BonneNouvelle 340 454
0034 Botzaris 457 492
0035 Boucicaut 185 289
0036 Boulogne,JeanJaurès 79 316
0037 Boulogne,PontdeSaint-Cloud,RondPointRhinetDanube 67 307
0038 Bourse 314 434
0039 Brochant 249 544
0040 Bréguet-Sabin 408 376
0041 ButtesChaumont 435 492
0042 Buzenval 477 365
0043 Bérault 532 329
0044 Cadet 322 484
0045 Cambronne 217 328
0046 Campo-Formio 376 278
0047 CardinalLemoine 350 329
0048 CarrefourPleyel 314 622
0049 CensierDaubenton 356 288
0050 ChampsÉlysées,Clémenceau 237 414
0051 ChampsÉlysées,Clémenceau 237 413
0052 ChardonLagâche 134 318
0053 Charenton-Écoles 483 264
0054 CharlesMichels 178 326
0055 CharlesdeGaulle,Étoile 170 436
0056 CharlesdeGaulle,Étoile 170 437
0057 CharlesdeGaulle,Étoile 170 435
0058 Charonne 442 383
0059 Chausséed'Antin,LaFayette 284 472
0060 Chausséed'Antin,LaFayette 284 472
0061 CheminVert 397 383
0062 Chevaleret 404 269
0063 ChâteauLandon 384 484
0064 ChâteauRouge 350 532
0065 Châteaud'Eau 364 462
0066 ChâteaudeVincennes 547 324
0067 Châtelet 324 386
0068 Châtelet 324 383
0069 Châtelet 323 380
0070 Châtelet 324 382
0071 Châtelet 322 378
0072 Châtillon-Montrouge 229 193
0073 Cité 317 366
0074 Cluny,LaSorbonne 319 340
0075 ColonelFabien 416 472
0076 Commerce 196 311
0077 Concorde 257 407
0078 Concorde 258 406
0079 Concorde 256 407
0080 Convention 202 273
0081 CorentinCelton 192 242
0082 Corentin-Cariou 422 562
0083 Corvisart 355 259
0084 CourSaint-Émilion 439 281
0085 Courcelles 202 462
0086 Couronnes 439 442
0087 Crimée 419 550
0088 CroixdeChavaux 523 402
0089 Créteil-Préfecture 529 207
0090 Créteil-Université 522 216
0091 Créteil-l'Echat,HôpitalHenriMondor 516 224
0092 Danube 468 501
0093 Daumesnil 461 316
0094 Daumesnil 461 316
0095 DenfertRochereau 300 277
0096 DenfertRochereau 302 276
0097 Dugommier 448 304
0098 Dupleix 180 344
0099 Duroc 238 336
0100 Duroc 238 336
0101 EdgarQuinet 276 295
0102 EsplanadedelaDéfense 91 461
0103 Europe 242 483
0104 Exelmans 112 301
0105 Faidherbe-Chaligny 432 352
0106 Falguière 253 312
0107 FillesduCalvaire 397 413
0108 Fortd'Aubervilliers 438 608
0109 FranklinD.Roosevelt 214 421
0110 FranklinD.Roosevelt 214 421
0111 FélixFaure 192 300
0112 GabrielPéri,Asnières-Gennevilliers 198 607
0113 Gaité 259 282
0114 Galliéni 527 429
0115 Gambetta 484 429
0116 Gambetta 484 429
0117 Gared'Austerlitz 389 317
0118 Gared'Austerlitz 389 317
0119 GaredeLyon 428 331
0120 GaredeLyon 418 321
0121 Garedel'Est 367 484
0122 Garedel'Est 368 484
0123 Garedel'Est 367 484
0124 GareduNord 364 510
0125 GareduNord 369 507
0126 Garibaldi 281 596
0127 GeorgeV 192 428
0128 Glacière 337 265
0129 Goncourt 413 445
0130 GrandeArchedelaDéfense 77 465
0131 GuyMôquet 267 560
0132 HavreCaumartin 268 465
0133 HavreCaumartin 268 465
0134 Hoche 468 550
0135 HôteldeVille 356 375
0136 HôteldeVille 356 375
0137 Invalides 237 389
0138 Invalides 237 387
0139 Iéna 175 397
0140 JacquesBonsergent 386 448
0141 Jasmin 129 352
0142 Jaurès 415 508
0143 Jaurès 416 509
0144 Jaurès 416 508
0145 Javel 158 326
0146 Jourdain 449 474
0147 JulesJoffrin 331 554
0148 Jussieu 367 324
0149 Jussieu 367 324
0150 Kléber 166 422
0151 LaChapelle 372 521
0152 LaCourneuve,8Mai1945 441 619
0153 LaFourche 259 533
0154 LaMottePicquet,Grenelle 205 332
0155 LaMottePicquet,Grenelle 204 332
0156 LaMottePicquet,Grenelle 203 333
0157 LaMuette 139 384
0158 LaTour-Maubourg 220 373
0159 LamarckCaulaincourt 314 553
0160 Laumière 430 519
0161 LeKremlin-Bicêtre 385 217
0162 LePeletier 301 484
0163 LedruRollin 415 359
0164 LesGobelins 353 272
0165 LesHalles 337 404
0166 LesSablons 118 453
0167 Liberté 475 274
0168 Liège 258 497
0169 LouisBlanc 402 497
0170 LouisBlanc 402 497
0171 LouiseMichel 154 512
0172 Lourmel 173 279
0173 Louvre,Rivoli 305 392
0174 Mabillon 288 347
0175 Madeleine 258 422
0176 Madeleine 258 422
0177 Madeleine 257 423
0178 Mairied'Issy 187 226
0179 Mairied'Ivry 439 223
0180 MairiedeClichy 215 585
0181 MairiedeMontreuil 537 412
0182 MairiedeSaint-Ouen 294 606
0183 MairiedesLilas 518 474
0184 MaisonBlanche 386 232
0185 Maisons-AlfortlesJuilliottes 509 232
0186 Maisons-Alfort,Stade 503 240
0187 Malakoff-PlateaudeVanves 239 225
0188 Malakoff-RueÉtienneDolet 236 212
0189 Malesherbes 213 493
0190 Maraîchers 490 375
0191 MarcadetPoissonniers 350 554
0192 MarcadetPoissonniers 350 554
0193 MarcelSembat 90 280
0194 MarxDormoy 376 557
0195 MaubertMutualité 335 334
0196 MichelAngeAuteuil 123 334
0197 MichelAngeAuteuil 123 334
0198 MichelAngeMolitor 119 324
0199 MichelAngeMolitor 119 324
0200 MichelBizot 468 308
0201 Mirabeau 141 321
0202 Miromesnil 237 440
0203 Miromesnil 237 440
0204 Monceau 216 474
0205 Montgallet 452 328
0206 MontparnasseBienvenue 266 307
0207 MontparnasseBienvenue 263 300
0208 MontparnasseBienvenue 267 306
0209 MontparnasseBienvenue 263 300
0210 Mouton-Duvernet 295 259
0211 Ménilmontant 448 431
0212 Nation 464 351
0213 Nation 466 357
0214 Nation 463 349
0215 Nation 466 357
0216 Nationale 389 258
0217 NotreDamedeLorette 289 502
0218 Notre-Dame-des-Champs 278 320
0219 Oberkampf 417 409
0220 Oberkampf 419 411
0221 Odéon 300 347
0222 Odéon 300 348
0223 Opéra 284 444
0224 Opéra 284 444
0225 Opéra 284 444
0226 Ourcq 442 529
0227 PalaisRoyal,MuséeduLouvre 292 395
0228 PalaisRoyal,MuséeduLouvre 293 396
0229 Parmentier 421 427
0230 Passy 157 373
0231 Pasteur 243 307
0232 Pasteur 243 307
0233 Pelleport 489 448
0234 Pernety 254 269
0235 Philippe-Auguste 471 403
0236 Picpus 473 336
0237 PierreCurie 430 234
0238 Pigalle 303 521
0239 Pigalle 303 521
0240 PlaceBalard 162 271
0241 PlaceMonge 360 303
0242 Placed'Italie 368 255
0243 Placed'Italie 368 254
0244 Placed'Italie 368 254
0245 PlacedeClichy 259 508
0246 PlacedeClichy 259 508
0247 PlacedesFêtes 467 481
0248 PlacedesFêtes 467 482
0249 Plaisance 249 255
0250 Poissonnière 347 484
0251 PontdeLevallois,Bécon 125 521
0252 PontdeNeuilly 104 457
0253 PontdeSèvres 66 262
0254 Pont-Marie 349 369
0255 Pont-Neuf 308 382
0256 PorteDauphine 134 422
0257 PorteDorée 478 291
0258 PorteMaillot 132 448
0259 Ported'Auteuil 105 336
0260 Ported'Italie 394 223
0261 Ported'Ivry 419 243
0262 Ported'Orléans 285 232
0263 PortedeBagnolet 499 430
0264 PortedeChamperret 172 506
0265 PortedeCharenton 470 285
0266 PortedeChoisy 405 232
0267 PortedeClichy 238 558
0268 PortedeClignancourt 350 583
0269 PortedeMontreuil 498 382
0270 PortedePantin 454 538
0271 PortedeSaint-Cloud 101 290
0272 PortedeSaint-Ouen 275 583
0273 PortedeVanves 245 242
0274 PortedeVersailles 197 258
0275 PortedeVincennes 496 341
0276 PortedelaChapelle 384 582
0277 PortedelaVillette 429 579
0278 PortedesLilas 498 474
0279 PortedesLilas 498 474
0280 Pré-Saint-Gervais 484 496
0281 Pyramides 284 413
0282 Pyramides 284 413
0283 Pyrénées 439 466
0284 PèreLachaise 460 416
0285 PèreLachaise 460 416
0286 Péreire 187 501
0287 QuaidelaGare 420 282
0288 QuaidelaRapée 393 328
0289 QuatreSeptembre 300 439
0290 Rambuteau 365 402
0291 Ranelagh 133 366
0292 Raspail 292 289
0293 Raspail 291 288
0294 Rennes 271 333
0295 ReuillyDiderot 442 339
0296 ReuillyDiderot 442 339
0297 RichardLenoir 412 390
0298 RichelieuDrouot 307 462
0299 RichelieuDrouot 307 464
0300 Riquet 414 534
0301 Robespierre 509 390
0302 Rome 248 499
0303 RueMontmartre,GrandsBoulevards 324 457
0304 RueMontmartre,GrandsBoulevards 325 459
0305 RueSaint-Maur 437 422
0306 RuedelaPompe 144 397
0307 RuedesBoulets 449 373
0308 RueduBac 258 358
0309 RéaumurSébastopol 351 422
0310 RéaumurSébastopol 351 422
0311 République 398 433
0312 République 397 433
0313 République 398 434
0314 République 395 432
0315 République 399 435
0316 Saint-Ambroise 428 401
0317 Saint-Augustin 254 452
0318 Saint-Denis-PortedeParis 332 637
0319 Saint-Denis-Université 365 664
0320 Saint-Fargeau 494 460
0321 Saint-FrancoisXavier 237 359
0322 Saint-Georges 300 511
0323 Saint-Germain-des-Prés 284 352
0324 Saint-Jacques 321 269
0325 Saint-Lazare 259 478
0326 Saint-Lazare 258 478
0327 Saint-Lazare 258 477
0328 Saint-Mandé,Tourelle 511 336
0329 Saint-Marcel 381 295
0330 Saint-Michel 312 349
0331 Saint-Paul,LeMarais 380 367
0332 Saint-PhilippeduRoule 225 430
0333 Saint-Placide 272 324
0334 Saint-Sulpice 275 336
0335 Saint-Sébastien-Froissart 397 394
0336 Sentier 327 430
0337 Simplon 350 568
0338 Solférino 258 371
0339 Stalingrad 408 516
0340 Stalingrad 409 518
0341 Stalingrad 408 517
0342 StrasbourgSaint-Denis 359 447
0343 StrasbourgSaint-Denis 359 445
0344 StrasbourgSaint-Denis 359 447
0345 SullyMorland 374 354
0346 SèvresBabylone 260 347
0347 SèvresBabylone 260 347
0348 SèvresLecourbe 232 321
0349 Ségur 217 336
0350 Temple 384 427
0351 Ternes 188 451
0352 Tolbiac 376 242
0353 Trinitéd'Estienned'Orves 280 495
0354 Trocadéro 157 397
0355 Trocadéro 157 397
0356 Tuileries 278 400
0357 Télégraphe 476 480
0358 Vaneau 248 343
0359 Varenne 237 368
0360 Vaugirard 217 285
0361 Vavin 282 300
0362 VictorHugo 148 418
0363 Villejuif,LouisAragon 385 184
0364 Villejuif,LéoLagrange 385 206
0365 Villejuif,P.VaillantCouturier 385 195
0366 Villiers 232 486
0367 Villiers 231 487
0368 Volontaires 231 297
0369 Voltaire 435 393
0370 Wagram 200 497
0371 ÉcoleMilitaire 209 350
0372 ÉcoleVétérinairedeMaisons-Alfort 495 250
0373 Églised'Auteuil 137 330
0374 ÉglisedePantin 484 563
0375 ÉtienneMarcel 347 412
713
0 238 41
0 159 46
1 12 36
1 235 44
2 110 69
2 139 50
3 262 33
3 210 41
4 171 43
4 251 35
5 13 67
5 239 54
6 55 56
6 258 46
7 290 39
7 311 79
8 350 38
8 309 58
9 338 28
9 78 62
10 277 42
10 108 36
11 154 32
11 54 41
12 213 42
12 1 36
13 151 57
13 5 67
14 124 46
14 64 28
15 318 37
15 319 73
16 119 98
16 331 62
17 288 89
17 40 41
18 163 32
18 61 56
19 236 31
19 93 33
20 129 48
20 283 38
21 86 46
21 75 51
22 84 39
22 120 81
23 97 35
23 287 57
24 84 51
25 193 42
25 253 35
26 98 31
26 230 64
27 239 64
27 246 59
28 29 79
29 374 46
374 29 46
29 28 79
30 354 24
30 150 44
31 41 28
31 144 36
32 343 54
32 303 41
33 344 52
33 304 41
34 248 36
34 41 57
35 111 34
35 172 40
36 198 105
36 37 39
37 36 39
38 336 35
38 289 38
39 153 38
39 267 46
40 17 41
40 297 37
41 34 57
41 31 28
42 190 42
42 215 35
43 66 41
43 328 57
44 162 54
44 250 64
45 348 43
45 155 35
46 242 63
46 329 46
47 148 46
47 195 41
48 182 66
48 318 60
49 164 42
49 241 40
50 77 54
50 109 62
51 137 62
51 202 69
52 201 20
53 372 47
53 167 33
54 11 41
54 145 51
55 127 60
55 6 56
56 351 59
56 362 75
57 150 35
58 307 31
58 369 31
59 224 72
59 162 53
60 299 63
60 133 45
61 18 56
61 335 28
62 287 53
62 216 48
63 123 44
63 169 57
64 14 28
64 192 57
65 342 41
65 121 57
66 43 41
67 135 87
67 173 51
68 136 85
69 120 287
69 281 131
70 73 45
70 165 66
71 254 73
71 255 37
72 188 52
73 330 46
73 70 45
74 195 44
74 221 52
75 21 51
75 142 93
76 156 59
76 111 30
77 356 57
77 50 54
78 9 62
78 175 41
79 177 41
79 138 71
80 274 41
80 360 49
81 178 43
81 274 43
82 87 32
82 277 47
83 243 36
83 128 49
84 24 51
84 22 39
85 204 47
85 351 46
86 211 37
86 21 46
87 300 43
87 82 32
88 181 44
88 301 47
89 90 29
90 89 29
90 91 26
91 90 26
91 185 27
92 34 37
93 19 33
93 97 45
94 200 27
94 205 39
95 210 48
95 292 37
96 324 52
96 293 42
97 93 45
97 23 35
98 155 69
98 26 31
99 358 31
99 349 54
100 207 113
100 321 59
101 293 43
101 209 36
102 252 35
102 130 37
103 327 44
103 367 30
104 199 62
104 271 40
105 296 42
105 163 47
106 231 29
106 206 36
107 335 49
107 314 49
108 10 36
108 152 29
109 50 62
109 127 59
110 332 37
110 2 69
111 76 30
111 35 34
112 180 71
113 234 36
113 207 47
114 263 72
115 263 39
115 285 70
116 233 50
117 148 59
118 329 60
118 288 30
119 295 41
119 16 98
120 22 81
120 69 287
121 65 57
121 124 67
122 140 103
122 125 59
123 250 51
123 63 44
124 121 67
124 14 46
125 122 59
125 340 107
126 272 37
126 182 42
127 109 59
127 55 60
128 83 49
128 324 42
129 311 49
129 20 48
130 102 37
131 153 72
131 272 63
132 223 68
132 327 40
133 60 45
133 317 49
134 270 47
134 374 53
135 331 65
135 67 87
136 68 85
136 290 73
137 359 54
137 51 62
138 79 71
138 158 57
139 2 50
139 355 46
140 313 47
140 122 103
141 291 37
141 197 49
142 75 93
142 339 27
143 340 29
143 160 44
144 31 36
144 170 46
145 54 51
145 373 55
146 283 33
146 247 50
147 159 44
147 191 49
148 117 59
148 47 46
149 241 57
149 345 79
150 30 44
150 57 35
151 339 93
151 13 57
152 108 29
153 245 64
153 131 72
153 39 38
154 349 33
154 11 32
155 45 35
155 98 69
156 371 46
156 76 59
157 306 36
157 291 49
158 138 57
158 371 66
159 0 46
159 147 44
160 143 44
160 226 40
161 364 28
161 184 39
162 59 53
162 44 54
163 105 47
163 18 32
164 244 60
164 49 42
165 70 66
165 375 33
166 258 38
166 252 37
167 53 33
167 265 31
168 326 49
168 245 28
169 63 57
169 341 54
170 144 46
171 264 49
171 4 43
172 35 40
172 240 35
173 67 51
173 227 34
174 221 31
174 346 72
175 78 41
175 325 144
176 281 71
177 225 88
177 79 41
178 81 43
179 237 37
180 267 91
180 112 71
181 88 44
182 126 42
182 48 66
183 278 51
184 260 31
184 161 39
184 352 36
185 91 27
185 186 26
186 185 26
186 372 33
187 188 34
187 273 46
188 72 52
188 187 34
189 367 49
189 370 35
190 269 27
190 42 42
191 147 49
191 194 67
192 64 57
192 337 36
193 271 38
193 25 42
194 191 67
194 276 67
195 47 41
195 74 44
196 259 47
197 141 49
197 199 28
198 52 42
199 197 28
199 104 62
200 257 51
200 94 27
201 145 46
202 51 69
202 326 112
203 317 53
203 332 40
204 366 51
204 85 47
205 94 39
205 296 38
206 106 36
206 218 45
207 113 47
207 100 113
208 361 42
208 333 48
209 101 36
209 232 54
210 3 41
210 95 48
211 284 49
211 86 37
212 275 86
212 295 64
213 12 42
214 236 42
215 42 35
215 307 60
216 62 48
216 243 55
217 353 29
217 322 37
218 206 45
218 294 38
219 297 50
219 313 81
220 316 35
220 315 80
221 74 52
221 174 31
222 323 42
222 330 31
223 289 43
223 132 68
224 282 80
224 59 72
225 298 75
225 177 88
226 160 40
226 270 39
227 173 34
227 356 38
228 255 53
228 282 49
229 305 43
229 312 64
230 26 64
230 354 62
231 368 40
231 106 29
232 209 54
232 348 46
233 320 33
233 116 50
234 249 38
234 113 36
235 1 44
235 284 44
236 214 42
236 19 31
237 179 37
237 261 37
238 322 27
238 0 41
239 5 54
239 27 64
240 172 35
241 49 40
241 149 57
242 46 63
243 216 55
243 83 36
244 352 37
244 164 60
245 168 28
245 153 64
246 27 59
246 302 37
247 146 50
247 357 23
248 280 57
249 273 35
249 234 38
250 44 64
250 123 51
251 4 35
252 166 37
252 102 35
253 25 35
254 345 75
254 71 73
255 71 37
255 228 53
256 362 37
257 265 26
257 200 51
258 6 46
258 166 38
259 198 47
259 36 84
260 266 37
260 184 31
261 237 37
261 266 46
262 3 33
263 114 72
263 115 39
264 286 41
264 171 49
265 167 31
265 257 26
266 261 46
266 260 37
267 39 46
267 180 91
268 337 39
269 301 35
269 190 27
270 226 39
270 134 47
271 104 40
271 193 38
272 131 63
272 126 37
273 187 46
273 249 35
274 81 43
274 80 41
275 328 41
275 212 86
276 194 67
277 82 47
277 10 42
278 357 59
278 183 51
279 320 37
280 92 43
281 69 131
281 176 71
282 228 49
282 224 80
283 20 38
283 146 33
284 235 44
284 211 49
285 115 70
285 305 61
286 370 35
286 264 41
287 23 57
287 62 53
288 118 30
288 17 89
289 38 38
289 223 43
290 136 73
290 7 39
291 157 49
291 141 37
292 95 37
292 361 38
293 96 42
293 101 43
294 218 38
294 347 46
295 212 64
295 119 41
296 205 38
296 105 42
297 40 37
297 219 50
298 303 46
298 225 75
299 304 48
299 60 63
300 341 46
300 87 43
301 88 47
301 269 35
302 246 37
302 366 53
303 32 41
303 298 46
304 33 41
304 299 48
305 285 61
305 229 43
306 355 33
306 157 36
307 215 60
307 58 31
308 347 29
308 338 33
309 8 58
309 336 65
310 375 28
310 342 67
311 7 79
311 129 49
312 229 64
312 350 37
313 219 81
313 140 47
314 107 49
314 343 98
315 220 80
315 344 107
316 369 27
316 220 35
317 133 49
317 203 53
318 48 60
318 15 37
319 15 73
320 279 37
320 233 33
321 100 59
321 359 23
322 217 37
322 238 27
323 334 47
323 222 42
324 128 42
324 96 52
325 175 144
325 353 69
326 202 112
326 168 49
327 132 40
327 103 44
328 43 57
328 275 41
329 46 46
329 118 60
330 222 31
330 73 46
331 16 62
331 135 65
332 203 40
332 110 37
333 208 48
333 334 32
334 333 32
334 323 47
335 61 28
335 107 49
336 309 65
336 38 35
337 192 36
337 268 39
338 308 33
338 9 28
339 142 27
339 151 93
340 125 107
340 143 29
341 169 54
341 300 46
342 310 67
342 65 41
343 314 98
343 32 54
344 315 107
344 33 52
345 149 79
345 254 75
346 174 72
346 358 33
347 294 46
347 308 29
348 232 46
348 45 43
349 99 54
349 154 33
350 312 37
350 8 38
351 85 46
351 56 59
352 184 36
352 244 37
353 325 69
353 217 29
354 230 62
354 30 24
355 139 46
355 306 33
356 227 38
356 77 57
357 247 23
357 278 59
358 346 33
358 99 31
359 321 23
359 137 54
360 80 49
360 368 47
361 292 38
361 208 42
362 56 75
362 256 37
363 365 28
364 365 28
364 161 28
365 363 28
365 364 28
366 302 53
366 204 51
367 103 30
367 189 49
368 360 47
368 231 40
369 58 31
369 316 27
370 189 35
370 286 35
371 158 66
371 156 46
372 186 33
372 53 47
373 196 37
374 134 53
375 165 33
375 310 28